# Texas Water Development Board
#
# Quadrangle: 709
# Year, Month, Monthly lake surface evaporation in inches
1954  1 1.78
1954  2 3.02
1954  3 3.96
1954  4 4.78
1954  5 4.84
1954  6 7.92
1954  7 8.95
1954  8 8.8
1954  9 6.89
1954 10 4.65
1954 11 3.47
1954 12 2.92
1955  1 2.2
1955  2 2.01
1955  3 3.63
1955  4 5.37
1955  5 5.48
1955  6 6.37
1955  7 6.78
1955  8 6.65
1955  9 5.77
1955 10 5.04
1955 11 3.46
1955 12 2.12
1956  1 1.83
1956  2 2.49
1956  3 4.59
1956  4 4.57
1956  5 5.47
1956  6 7.77
1956  7 9.39
1956  8 8.71
1956  9 6.5
1956 10 5.16
1956 11 3.42
1956 12 2.42
1957  1 1.77
1957  2 1.9
1957  3 3.5
1957  4 2.9
1957  5 3.43
1957  6 5.24
1957  7 8.1
1957  8 6.97
1957  9 5.23
1957 10 3.02
1957 11 1.81
1957 12 2.32
1958  1 1.64
1958  2 1.82
1958  3 2.69
1958  4 3.46
1958  5 4.31
1958  6 6.72
1958  7 8.02
1958  8 7.41
1958  9 3.87
1958 10 2.41
1958 11 2.47
1958 12 1.74
1959  1 1.65
1959  2 1.31
1959  3 3.64
1959  4 3.29
1959  5 3.4
1959  6 5.76
1959  7 5.37
1959  8 5.57
1959  9 5.38
1959 10 3.3
1959 11 2.46
1959 12 1.93
1960  1 1.32
1960  2 2.25
1960  3 2.3
1960  4 3.94
1960  5 4.31
1960  6 6.46
1960  7 4.98
1960  8 5.51
1960  9 5.39
1960 10 3.87
1960 11 2.19
1960 12 1.54
1961  1 1.26
1961  2 1.95
1961  3 3.23
1961  4 4.35
1961  5 4.52
1961  6 5.13
1961  7 4.36
1961  8 6.41
1961  9 4.67
1961 10 3.51
1961 11 2.57
1961 12 1.85
1962  1 1.83
1962  2 2.55
1962  3 3.29
1962  4 3.62
1962  5 4.86
1962  6 4.48
1962  7 7.35
1962  8 7.92
1962  9 4.83
1962 10 4.16
1962 11 2.97
1962 12 1.95
1963  1 2.03
1963  2 2.21
1963  3 3.17
1963  4 4.16
1963  5 4.09
1963  6 5.78
1963  7 7.54
1963  8 6.66
1963  9 5.2
1963 10 4.96
1963 11 2.75
1963 12 1.91
1964  1 3.07
1964  2 2.35
1964  3 4.46
1964  4 4.89
1964  5 5.18
1964  6 7.29
1964  7 8.8
1964  8 8.3
1964  9 5.5
1964 10 4.96
1964 11 3.28
1964 12 2.34
1965  1 2.71
1965  2 2.37
1965  3 3.4
1965  4 4.2
1965  5 3.59
1965  6 6.1
1965  7 8.46
1965  8 7.88
1965  9 6.59
1965 10 3.83
1965 11 2.58
1965 12 1.91
1966  1 1.43
1966  2 1.6
1966  3 3.01
1966  4 3.73
1966  5 3.36
1966  6 5.16
1966  7 8.5
1966  8 5.11
1966  9 4.12
1966 10 3.78
1966 11 3.44
1966 12 1.96
1967  1 2.48
1967  2 2.75
1967  3 5.01
1967  4 5.28
1967  5 5.57
1967  6 8.05
1967  7 8.87
1967  8 7.96
1967  9 4.55
1967 10 4.83
1967 11 2.59
1967 12 1.98
1968  1 1.25
1968  2 2.02
1968  3 3.11
1968  4 3.5
1968  5 4.07
1968  6 4.22
1968  7 6.02
1968  8 7.49
1968  9 5.03
1968 10 4.68
1968 11 3.29
1968 12 2.49
1969  1 2.15
1969  2 2.19
1969  3 3.46
1969  4 4.08
1969  5 4.04
1969  6 7.11
1969  7 8.29
1969  8 7.47
1969  9 4.8
1969 10 3.92
1969 11 2.59
1969 12 2.2
1970  1 1.51
1970  2 2.27
1970  3 3.0
1970  4 3.96
1970  5 3.82
1970  6 6.08
1970  7 7.56
1970  8 7.99
1970  9 4.97
1970 10 3.72
1970 11 3.79
1970 12 2.55
1971  1 2.98
1971  2 3.84
1971  3 5.43
1971  4 5.53
1971  5 6.07
1971  6 7.31
1971  7 7.96
1971  8 4.81
1971  9 4.99
1971 10 3.73
1971 11 3.32
1971 12 2.24
1972  1 2.12
1972  2 3.05
1972  3 5.26
1972  4 6.03
1972  5 4.89
1972  6 6.22
1972  7 6.72
1972  8 4.9
1972  9 5.47
1972 10 4.16
1972 11 2.57
1972 12 2.07
1973  1 2.06
1973  2 1.69
1973  3 4.19
1973  4 3.33
1973  5 5.48
1973  6 5.31
1973  7 6.56
1973  8 6.83
1973  9 4.48
1973 10 3.62
1973 11 3.11
1973 12 3.44
1974  1 2.12
1974  2 3.9
1974  3 4.06
1974  4 6.71
1974  5 5.29
1974  6 6.67
1974  7 8.54
1974  8 5.65
1974  9 4.42
1974 10 3.89
1974 11 3.3
1974 12 1.89
1975  1 2.36
1975  2 2.7
1975  3 3.98
1975  4 4.36
1975  5 3.77
1975  6 5.77
1975  7 6.13
1975  8 6.16
1975  9 5.09
1975 10 5.27
1975 11 4.34
1975 12 2.84
1976  1 2.7
1976  2 3.76
1976  3 4.38
1976  4 3.87
1976  5 4.48
1976  6 6.5
1976  7 6.01
1976  8 7.41
1976  9 5.11
1976 10 3.75
1976 11 2.35
1976 12 2.02
1977  1 1.47
1977  2 3.19
1977  3 4.41
1977  4 4.98
1977  5 3.57
1977  6 6.6
1977  7 8.54
1977  8 8.15
1977  9 6.84
1977 10 5.42
1977 11 3.3
1977 12 2.98
1978  1 1.98
1978  2 1.83
1978  3 4.19
1978  4 5.37
1978  5 5.51
1978  6 7.56
1978  7 9.11
1978  8 7.14
1978  9 4.56
1978 10 4.91
1978 11 2.55
1978 12 2.13
1979  1 2.06
1979  2 2.18
1979  3 3.99
1979  4 4.19
1979  5 4.58
1979  6 6.09
1979  7 7.24
1979  8 6.47
1979  9 5.85
1979 10 6.21
1979 11 3.11
1979 12 2.28
1980  1 1.97
1980  2 2.35
1980  3 4.61
1980  4 5.64
1980  5 4.63
1980  6 7.77
1980  7 9.58
1980  8 7.83
1980  9 5.4
1980 10 4.5
1980 11 3.08
1980 12 2.21
1981  1 2.03
1981  2 2.21
1981  3 3.8
1981  4 4.08
1981  5 5.17
1981  6 4.84
1981  7 7.32
1981  8 7.28
1981  9 5.22
1981 10 4.19
1981 11 3.05
1981 12 2.22
1982  1 2.66
1982  2 2.23
1982  3 3.41
1982  4 4.49
1982  5 4.43
1982  6 6.33
1982  7 8.27
1982  8 7.6
1982  9 6.17
1982 10 4.52
1982 11 4.34
1982 12 2.34
1983  1 1.71
1983  2 2.62
1983  3 4.12
1983  4 4.75
1983  5 5.03
1983  6 5.9
1983  7 6.68
1983  8 6.77
1983  9 5.86
1983 10 5.36
1983 11 3.73
1983 12 2.02
1984  1 2.72
1984  2 3.59
1984  3 4.85
1984  4 6.83
1984  5 6.37
1984  6 7.25
1984  7 8.27
1984  8 8.14
1984  9 6.3
1984 10 3.18
1984 11 2.74
1984 12 1.63
1985  1 2.37
1985  2 2.09
1985  3 4.32
1985  4 4.18
1985  5 5.55
1985  6 6.27
1985  7 7.87
1985  8 9.11
1985  9 5.38
1985 10 3.88
1985 11 1.88
1985 12 2.09
1986  1 2.3
1986  2 2.6
1986  3 4.57
1986  4 5.09
1986  5 4.16
1986  6 5.17
1986  7 7.93
1986  8 6.3
1986  9 5.0
1986 10 3.23
1986 11 2.4
1986 12 1.36
1987  1 2.1
1987  2 2.07
1987  3 3.71
1987  4 5.07
1987  5 4.81
1987  6 4.42
1987  7 6.83
1987  8 8.21
1987  9 5.48
1987 10 5.3
1987 11 3.0
1987 12 2.0
1988  1 2.34
1988  2 2.2
1988  3 4.1
1988  4 4.93
1988  5 4.8
1988  6 5.98
1988  7 6.58
1988  8 6.63
1988  9 5.79
1988 10 5.52
1988 11 4.8
1988 12 2.44
1989  1 2.02
1989  2 2.87
1989  3 3.39
1989  4 5.05
1989  5 5.97
1989  6 7.18
1989  7 8.08
1989  8 7.63
1989  9 6.66
1989 10 5.5
1989 11 3.23
1989 12 1.89
1990  1 2.03
1990  2 2.58
1990  3 2.4
1990  4 3.21
1990  5 4.9
1990  6 7.45
1990  7 6.31
1990  8 6.58
1990  9 4.41
1990 10 4.21
1990 11 2.37
1990 12 1.83
1991  1 2.88
1991  2 2.4
1991  3 4.17
1991  4 4.27
1991  5 5.5
1991  6 6.59
1991  7 7.76
1991  8 8.09
1991  9 5.7
1991 10 6.33
1991 11 3.95
1991 12 3.21
1992  1 2.54
1992  2 3.59
1992  3 3.9
1992  4 4.38
1992  5 4.66
1992  6 7.61
1992  7 7.97
1992  8 6.49
1992  9 6.3
1992 10 5.43
1992 11 3.66
1992 12 1.96
1993  1 2.02
1993  2 2.29
1993  3 3.4
1993  4 4.73
1993  5 5.94
1993  6 6.48
1993  7 8.84
1993  8 11.5
1993  9 7.47
1993 10 5.4
1993 11 3.06
1993 12 3.04
1994  1 1.75
1994  2 1.83
1994  3 3.43
1994  4 4.8
1994  5 4.81
1994  6 7.04
1994  7 9.13
1994  8 7.35
1994  9 5.42
1994 10 4.45
1994 11 2.91
1994 12 2.45
1995  1 2.46
1995  2 2.26
1995  3 3.13
1995  4 4.67
1995  5 5.16
1995  6 6.49
1995  7 7.69
1995  8 6.55
1995  9 5.23
1995 10 5.3
1995 11 3.06
1995 12 2.22
1996  1 2.77
1996  2 3.43
1996  3 3.94
1996  4 4.92
1996  5 5.76
1996  6 6.22
1996  7 8.31
1996  8 6.96
1996  9 4.79
1996 10 4.71
1996 11 3.73
1996 12 2.3
1997  1 2.04
1997  2 2.39
1997  3 3.37
1997  4 4.18
1997  5 4.17
1997  6 5.24
1997  7 7.48
1997  8 6.72
1997  9 6.52
1997 10 4.92
1997 11 3.52
1997 12 2.78
1998  1 2.42
1998  2 2.68
1998  3 4.3
1998  4 4.8
1998  5 5.98
1998  6 7.78
1998  7 7.01
1998  8 5.59
1998  9 4.88
1998 10 3.1
1998 11 3.71
1998 12 2.2
1999  1 3.04
1999  2 2.46
1999  3 3.38
1999  4 4.27
1999  5 5.12
1999  6 6.96
1999  7 6.1
1999  8 8.35
1999  9 5.99
1999 10 4.52
1999 11 4.62
1999 12 3.61
2000  1 3.5
2000  2 3.63
2000  3 4.06
2000  4 4.65
2000  5 5.47
2000  6 7.17
2000  7 8.95
2000  8 8.66
2000  9 6.56
2000 10 4.33
2000 11 4.34
2000 12 2.48
2001  1 1.72
2001  2 1.91
2001  3 2.64
2001  4 3.69
2001  5 5.28
2001  6 6.34
2001  7 8.09
2001  8 7.46
2001  9 5.17
2001 10 4.41
2001 11 2.87
2001 12 1.74
2002  1 2.31
2002  2 2.85
2002  3 3.63
2002  4 4.27
2002  5 5.68
2002  6 6.07
2002  7 6.08
2002  8 7.31
2002  9 5.12
2002 10 3.53
2002 11 3.25
2002 12 2.6
2003  1 1.89
2003  2 2.01
2003  3 3.04
2003  4 5.52
2003  5 5.55
2003  6 6.27
2003  7 6.86
2003  8 6.79
2003  9 4.67
2003 10 4.43
2003 11 2.94
2003 12 3.13
2004  1 2.04
2004  2 1.75
2004  3 2.82
2004  4 3.53
2004  5 4.63
2004  6 5.5
2004  7 6.16
2004  8 6.73
2004  9 4.69
2004 10 4.37
2004 11 2.75
2004 12 2.22
2005  1 2.42
2005  2 2.19
2005  3 3.74
2005  4 5.23
2005  5 4.98
2005  6 7.41
2005  7 7.2
2005  8 6.79
2005  9 6.4
2005 10 4.43
2005 11 3.85
2005 12 2.59
2006  1 3.2
2006  2 2.66
2006  3 4.16
2006  4 6.0
2006  5 6.19
2006  6 7.13
2006  7 7.55
2006  8 8.08
2006  9 5.25
2006 10 4.48
2006 11 3.46
2006 12 2.19
2007  1 1.82
2007  2 2.18
2007  3 3.04
2007  4 3.8
2007  5 3.76
2007  6 5.19
2007  7 4.28
2007  8 5.68
2007  9 4.35
2007 10 4.54
2007 11 2.76
2007 12 2.21
2008  1 2.08
2008  2 3.0
2008  3 4.12
2008  4 4.71
2008  5 5.54
2008  6 7.95
2008  7 7.3
2008  8 5.77
2008  9 5.84
2008 10 5.02
2008 11 3.57
2008 12 2.85
2009  1 2.69
2009  2 3.43
2009  3 4.27
2009  4 5.23
2009  5 4.98
2009  6 7.52
2009  7 7.94
2009  8 8.25
2009  9 4.75
2009 10 3.42
2009 11 2.55
2009 12 1.49
2010  1 1.63
2010  2 1.88
2010  3 3.92
2010  4 4.04
2010  5 4.64
2010  6 6.39
2010  7 6.0
2010  8 7.57
2010  9 4.75
2010 10 4.68
2010 11 3.36
2010 12 2.47
2011  1 2.05
2011  2 2.2
2011  3 4.47
2011  4 6.39
2011  5 5.87
2011  6 8.48
2011  7 8.5
2011  8 9.23
2011  9 7.48
2011 10 5.05
2011 11 3.19
2011 12 1.48
2012  1 2.37
2012  2 2.35
2012  3 4.1
2012  4 5.0
2012  5 5.23
2012  6 6.46
2012  7 6.74
2012  8 7.57
2012  9 5.78
2012 10 3.78
2012 11 3.58
2012 12 2.54
2013  1 1.8
2013  2 3.07
2013  3 4.1
2013  4 4.06
2013  5 4.75
2013  6 6.43
2013  7 6.8
2013  8 6.86
2013  9 4.91
2013 10 4.03
2013 11 2.39
2013 12 1.56
2014  1 2.06
2014  2 2.0
2014  3 3.66
2014  4 4.97
2014  5 6.34
2014  6 5.61
2014  7 8.65
2014  8 7.61
2014  9 5.24
2014 10 4.56
2014 11 2.54
2014 12 1.49
2015  1 1.34
2015  2 1.5
2015  3 2.35
2015  4 3.62
2015  5 3.42
2015  6 5.04
2015  7 6.98
2015  8 6.92
2015  9 5.92
2015 10 4.53
2015 11 2.07
2015 12 2.15
2016  1 1.86
2016  2 2.91
2016  3 3.43
2016  4 3.83
2016  5 3.4
2016  6 5.3
2016  7 7.67
2016  8 5.47
2016  9 4.21
2016 10 4.13
2016 11 2.45
2016 12 1.64
2017  1 2.1
2017  2 2.61
2017  3 3.42
2017  4 4.11
2017  5 4.27
2017  6 5.56
2017  7 7.02
2017  8 5.62
2017  9 5.02
2017 10 4.38
2017 11 3.31
2017 12 1.73
2018 01 1.73

